0 0.17109375000000002 0.9853515625 0.0390625 0.013671875
0 0.46484375 0.9580078125 0.045312500000000006 0.017578125
0 0.6578125 0.9501953125 0.021875000000000002 0.017578125
2 0.22968750000000002 0.3896484375 0.015625 0.005859375
2 0.34453125 0.41796875 0.0140625 0.0078125
0 0.63046875 0.6201171875 0.0328125 0.013671875
2 0.54921875 0.638671875 0.0171875 0.0078125
2 0.6796875 0.6318359375 0.025 0.009765625
2 0.71875 0.64453125 0.018750000000000003 0.0078125
0 0.7781250000000001 0.69921875 0.021875000000000002 0.01171875
2 0.49531250000000004 0.62890625 0.00625 0.0078125
2 0.5398437500000001 0.806640625 0.0078125 0.00390625
1 0.8890625000000001 0.0498046875 0.22187500000000002 0.037109375
2 0.61484375 0.7900390625 0.010937500000000001 0.005859375
2 0.6000000000000001 0.7900390625 0.00625 0.005859375
