1 0.309375 0.6435546875 0.421875 0.064453125
1 0.48515625 0.552734375 0.09843750000000001 0.01953125
1 0.8132812500000001 0.5625 0.3671875 0.0234375
2 0.184375 0.69140625 0.018750000000000003 0.0078125
2 0.4296875 0.73828125 0.018750000000000003 0.0078125
2 0.446875 0.75 0.0125 0.0078125
2 0.74140625 0.7236328125 0.0171875 0.009765625
2 0.6492187500000001 0.740234375 0.0078125 0.00390625
2 0.6265625 0.7412109375 0.015625 0.005859375
2 0.6203125 0.767578125 0.0125 0.0078125
2 0.578125 0.736328125 0.015625 0.0078125
2 0.571875 0.7490234375 0.018750000000000003 0.005859375
2 0.5625 0.7744140625 0.009375000000000001 0.005859375
