1 0.8109375000000001 0.1884765625 0.22812500000000002 0.029296875
2 0.2578125 0.455078125 0.0125 0.0078125
2 0.35000000000000003 0.478515625 0.0125 0.0078125
2 0.5171875 0.6484375 0.015625 0.0078125
0 0.57421875 0.6328125 0.0234375 0.01171875
2 0.6125 0.6435546875 0.018750000000000003 0.005859375
2 0.6421875 0.6513671875 0.015625 0.005859375
2 0.6882812500000001 0.6943359375 0.0203125 0.009765625
2 0.86875 0.6591796875 0.018750000000000003 0.009765625
0 0.58203125 0.8935546875 0.0203125 0.017578125
0 0.5578125 0.763671875 0.021875000000000002 0.01171875
2 0.74765625 0.146484375 0.0234375 0.0078125
