2 0.14140625 1.587890625 0.010937500000000001 0.0078125
0 0.1859375 1.5791015625 0.06875 0.021484375
0 0.6687500000000001 1.5869140625 0.11875000000000001 0.013671875
2 0.6882812500000001 1.5693359375 0.0140625 0.009765625
0 0.7796875000000001 1.560546875 0.0125 0.01171875
0 0.8562500000000001 1.5634765625 0.11875000000000001 0.029296875
0 0.91796875 1.5458984375 0.0703125 0.017578125
2 1.4742187500000001 1.49609375 0.010937500000000001 0.0078125
0 1.5109375 1.5078125 0.065625 0.0234375
0 1.5515625000000002 1.484375 0.06875 0.01953125
0 1.7320312500000001 1.4580078125 0.045312500000000006 0.013671875
0 1.8703125 1.43359375 0.037500000000000006 0.01171875
0 1.98046875 1.4365234375 0.0390625 0.013671875
