0 0.08046875 1.6455078125 0.0703125 0.021484375
0 0.25234375000000003 1.658203125 0.0484375 0.01171875
0 0.403125 1.6630859375 0.037500000000000006 0.013671875
0 0.515625 1.6875 0.046875 0.01171875
0 0.040625 1.6591796875 0.07187500000000001 0.021484375
0 0.81171875 1.6865234375 0.051562500000000004 0.013671875
0 0.93671875 1.689453125 0.051562500000000004 0.0234375
0 1.13359375 1.69140625 0.045312500000000006 0.01953125
2 1.3015625000000002 1.6865234375 0.03125 0.009765625
2 1.3250000000000002 1.7041015625 0.05625 0.009765625
0 1.428125 1.6962890625 0.040625 0.017578125
0 1.51484375 1.6953125 0.0390625 0.01171875
0 1.73671875 1.69140625 0.0421875 0.015625
0 0.7210937500000001 1.6875 0.09531250000000001 0.03125
