0 0.09843750000000001 0.4775390625 0.015625 0.013671875
0 0.1328125 0.4765625 0.0125 0.01171875
2 0.321875 0.4755859375 0.009375000000000001 0.009765625
2 0.33437500000000003 0.4765625 0.009375000000000001 0.0078125
2 0.51328125 0.4716796875 0.0140625 0.005859375
0 0.53359375 0.4736328125 0.010937500000000001 0.013671875
2 0.5203125000000001 0.4814453125 0.015625 0.009765625
0 0.6976562500000001 0.47265625 0.0203125 0.01171875
2 0.79296875 0.470703125 0.010937500000000001 0.0078125
2 0.8757812500000001 0.4697265625 0.010937500000000001 0.009765625
0 0.89375 0.474609375 0.009375000000000001 0.01171875
