2 0.1875 0.2412109375 0.018750000000000003 0.009765625
2 0.14765625000000002 0.2216796875 0.0140625 0.009765625
2 0.7921875 0.234375 0.0125 0.0078125
2 0.8148437500000001 0.2421875 0.010937500000000001 0.0078125
2 0.6828125 0.2421875 0.0125 0.0078125
2 0.7453125 0.244140625 0.0125 0.0078125
2 0.33671875 0.2373046875 0.010937500000000001 0.009765625
2 0.57421875 0.2421875 0.010937500000000001 0.0078125
2 0.63046875 0.24609375 0.0078125 0.0078125
0 0.9632812500000001 0.2041015625 0.029687500000000002 0.044921875
