2 0.9554687500000001 0.443359375 0.0078125 0.0078125
2 0.7718750000000001 0.443359375 0.00625 0.0078125
2 0.7390625000000001 0.4423828125 0.00625 0.005859375
2 0.7312500000000001 0.4443359375 0.00625 0.005859375
2 0.71015625 0.44140625 0.010937500000000001 0.0078125
2 0.55703125 0.44140625 0.0078125 0.0078125
2 0.52734375 0.439453125 0.0171875 0.0078125
2 0.34609375000000003 0.4375 0.0078125 0.01171875
2 0.33515625000000004 0.4345703125 0.010937500000000001 0.005859375
2 0.24453125 0.43359375 0.010937500000000001 0.0078125
2 0.14296875 0.43359375 0.0140625 0.0078125
2 0.17578125 0.4345703125 0.0234375 0.009765625
