1 0.1125 0.224609375 0.08750000000000001 0.09375
2 0.78515625 0.322265625 0.0140625 0.0078125
2 0.7078125000000001 0.369140625 0.021875000000000002 0.0078125
2 0.640625 0.37109375 0.021875000000000002 0.0078125
2 0.34765625 0.37890625 0.0140625 0.0078125
2 0.6546875000000001 0.7109375 0.009375000000000001 0.0078125
2 0.6296875000000001 0.892578125 0.0125 0.0078125
2 0.23359375000000002 0.927734375 0.0140625 0.0078125
0 0.15859375 0.96484375 0.0140625 0.01171875
2 0.83515625 0.99609375 0.010937500000000001 0.0078125
2 0.46015625000000004 0.365234375 0.0078125 0.00390625
2 0.5296875 0.345703125 0.00625 0.00390625
2 0.8828125 0.3759765625 0.0125 0.005859375
2 0.1796875 0.35546875 0.009375000000000001 0.0078125
