0 0.12890625 0.1298828125 0.0140625 0.017578125
0 0.2078125 0.5400390625 0.03125 0.013671875
0 0.4421875 0.583984375 0.028125 0.01171875
2 0.509375 0.5556640625 0.025 0.009765625
2 0.76875 0.7197265625 0.009375000000000001 0.009765625
0 0.7835937500000001 0.7080078125 0.010937500000000001 0.013671875
2 0.8421875000000001 0.271484375 0.009375000000000001 0.0078125
2 0.8953125000000001 0.2548828125 0.009375000000000001 0.009765625
2 0.6546875000000001 0.25390625 0.009375000000000001 0.0078125
1 0.05078125 0.205078125 0.0890625 0.078125
1 0.31484375000000003 0.103515625 0.17343750000000002 0.06640625
2 0.9265625000000001 0.9580078125 0.0125 0.009765625
