2 0.2234375 0.9404296875 0.0125 0.009765625
2 0.34687500000000004 0.9287109375 0.0125 0.009765625
2 0.48046875 0.943359375 0.0078125 0.0078125
2 0.5078125 0.935546875 0.009375000000000001 0.0078125
2 0.5265625 0.94140625 0.015625 0.0078125
2 0.56875 0.9375 0.009375000000000001 0.0078125
2 0.6890625 0.912109375 0.0125 0.0078125
2 0.665625 0.9326171875 0.009375000000000001 0.005859375
2 0.6328125 0.9375 0.009375000000000001 0.0078125
2 0.7742187500000001 0.921875 0.010937500000000001 0.0078125
2 0.79296875 0.927734375 0.010937500000000001 0.0078125
2 0.9500000000000001 0.892578125 0.009375000000000001 0.0078125
2 0.984375 0.923828125 0.009375000000000001 0.0078125
2 0.40234375 0.9365234375 0.0078125 0.005859375
2 0.5484375 0.90234375 0.009375000000000001 0.0078125
