1 0.41718750000000004 0.63671875 0.446875 0.07421875
1 0.6015625 0.55078125 0.10625000000000001 0.01953125
2 0.29375 0.6884765625 0.015625 0.009765625
2 0.54140625 0.7373046875 0.0140625 0.005859375
2 0.55859375 0.7470703125 0.010937500000000001 0.005859375
2 0.59765625 0.7587890625 0.010937500000000001 0.005859375
2 0.6671875 0.775390625 0.009375000000000001 0.00390625
2 0.6882812500000001 0.7353515625 0.0171875 0.005859375
2 0.6859375000000001 0.7470703125 0.018750000000000003 0.005859375
2 0.7390625000000001 0.7412109375 0.015625 0.005859375
2 0.853125 0.7216796875 0.015625 0.009765625
2 0.021875000000000002 0.7138671875 0.009375000000000001 0.005859375
2 0.31875000000000003 0.7568359375 0.015625 0.009765625
1 0.8500000000000001 0.5546875 0.296875 0.03125
