1 0.02109375 0.40234375 0.0390625 0.0390625
1 0.3171875 0.4775390625 0.534375 0.044921875
2 0.38593750000000004 0.5263671875 0.009375000000000001 0.005859375
2 0.6015625 0.7255859375 0.021875000000000002 0.009765625
0 0.5164062500000001 0.86328125 0.0421875 0.01171875
2 0.371875 0.509765625 0.00625 0.00390625
2 0.62421875 0.560546875 0.0234375 0.0078125
2 0.6921875000000001 0.564453125 0.009375000000000001 0.0078125
2 0.9203125000000001 0.54296875 0.018750000000000003 0.0078125
1 0.9171875 0.486328125 0.16562500000000002 0.04296875
