1 0.11171875 0.716796875 0.2109375 0.1328125
1 0.13984375000000002 0.5185546875 0.19843750000000002 0.033203125
1 0.5710937500000001 0.5263671875 0.3796875 0.052734375
0 0.02109375 0.90625 0.0390625 0.01171875
2 0.05625 0.9287109375 0.028125 0.009765625
2 0.2890625 0.9052734375 0.028125 0.009765625
2 0.27187500000000003 0.9140625 0.015625 0.0078125
0 0.34765625 0.93359375 0.0421875 0.01171875
2 0.44375000000000003 0.9150390625 0.037500000000000006 0.009765625
0 0.9015625 0.83203125 0.025 0.01171875
