0 0.047656250000000004 1.5732421875 0.0703125 0.021484375
0 0.7156250000000001 1.5771484375 0.12187500000000001 0.025390625
0 0.77734375 1.5537109375 0.0734375 0.017578125
0 0.5296875 1.5888671875 0.1125 0.017578125
0 0.54921875 1.578125 0.0140625 0.01171875
2 0.63984375 1.56640625 0.010937500000000001 0.0078125
2 1.334375 1.51953125 0.0125 0.0078125
2 1.32265625 1.646484375 0.0078125 0.01171875
0 1.3718750000000002 1.52734375 0.07187500000000001 0.0234375
0 1.4148437500000002 1.5087890625 0.0734375 0.013671875
0 1.59375 1.4853515625 0.043750000000000004 0.013671875
2 1.7484375 1.482421875 0.00625 0.0078125
0 1.734375 1.4638671875 0.037500000000000006 0.013671875
0 1.84765625 1.4736328125 0.0484375 0.017578125
