0 0.25390625 0.4326171875 0.0171875 0.013671875
0 0.29296875 0.431640625 0.0140625 0.01171875
2 0.4890625 0.4326171875 0.021875000000000002 0.009765625
0 0.6703125000000001 0.4365234375 0.018750000000000003 0.013671875
0 0.6984375 0.4296875 0.018750000000000003 0.01171875
2 0.859375 0.4306640625 0.0125 0.009765625
2 0.9617187500000001 0.431640625 0.010937500000000001 0.0078125
2 0.18828125 0.4248046875 0.010937500000000001 0.005859375
2 0.8265625000000001 0.4228515625 0.043750000000000004 0.009765625
0 0.88203125 0.423828125 0.0171875 0.01171875
2 0.7835937500000001 0.4248046875 0.0078125 0.009765625
