2 0.94140625 0.83984375 0.0140625 0.0078125
2 0.7640625000000001 0.556640625 0.009375000000000001 0.0078125
2 0.7703125000000001 0.544921875 0.009375000000000001 0.0078125
2 0.465625 0.4619140625 0.028125 0.009765625
2 0.29609375 0.4248046875 0.0203125 0.009765625
2 0.2265625 0.4208984375 0.03125 0.009765625
0 0.14921875 0.013671875 0.010937500000000001 0.015625
2 0.67109375 0.1357421875 0.010937500000000001 0.005859375
2 0.85703125 0.1572265625 0.0078125 0.005859375
2 0.9078125 0.1396484375 0.00625 0.005859375
1 0.0734375 0.087890625 0.09062500000000001 0.078125
1 0.33828125000000003 0.01171875 0.17343750000000002 0.01953125
2 0.77734375 0.0693359375 0.004687500000000001 0.005859375
