2 0.94140625 0.837890625 0.0140625 0.0078125
2 0.76484375 0.5595703125 0.0078125 0.009765625
2 0.77109375 0.544921875 0.0078125 0.01171875
0 0.46718750000000003 0.46484375 0.03125 0.01171875
2 0.29609375 0.4248046875 0.0203125 0.009765625
2 0.2265625 0.4208984375 0.028125 0.009765625
2 0.8578125000000001 0.1572265625 0.00625 0.005859375
2 0.6703125000000001 0.13671875 0.0125 0.0078125
0 0.15000000000000002 0.0126953125 0.0125 0.013671875
1 0.3375 0.01171875 0.171875 0.01953125
1 0.07187500000000001 0.0859375 0.09062500000000001 0.078125
2 0.909375 0.1396484375 0.00625 0.005859375
2 0.77734375 0.0693359375 0.004687500000000001 0.005859375
