2 0.22187500000000002 0.9423828125 0.0125 0.009765625
2 0.34453125 0.9296875 0.010937500000000001 0.0078125
2 0.40390625 0.9365234375 0.0078125 0.005859375
2 0.48046875 0.9423828125 0.0078125 0.005859375
2 0.5078125 0.9375 0.009375000000000001 0.0078125
2 0.5265625 0.943359375 0.015625 0.0078125
2 0.56875 0.9375 0.009375000000000001 0.0078125
2 0.63203125 0.9404296875 0.010937500000000001 0.005859375
2 0.6875 0.9140625 0.009375000000000001 0.0078125
2 0.7718750000000001 0.923828125 0.009375000000000001 0.0078125
2 0.7914062500000001 0.927734375 0.0078125 0.0078125
2 0.9382812500000001 0.90234375 0.010937500000000001 0.0078125
2 0.9500000000000001 0.892578125 0.009375000000000001 0.0078125
2 0.9851562500000001 0.923828125 0.010937500000000001 0.0078125
2 0.546875 0.9033203125 0.0125 0.005859375
2 0.6648437500000001 0.93359375 0.010937500000000001 0.0078125
