1 0.48984375 0.5537109375 0.1296875 0.021484375
1 0.7890625 0.5634765625 0.390625 0.029296875
1 0.30859375 0.6435546875 0.4484375 0.068359375
2 0.18203125 0.69140625 0.0203125 0.0078125
2 0.4328125 0.73828125 0.021875 0.0078125
2 0.4484375 0.7509765625 0.015625 0.005859375
2 0.2921875 0.75 0.015625 0.0078125
2 0.7421875 0.7216796875 0.015625 0.009765625
2 0.5765625 0.73828125 0.01875 0.0078125
2 0.62734375 0.7412109375 0.0140625 0.005859375
2 0.64921875 0.7412109375 0.0109375 0.005859375
2 0.57265625 0.75 0.0171875 0.0078125
2 0.55859375 0.7412109375 0.0078125 0.005859375
2 0.61875 0.767578125 0.0125 0.0078125
2 0.56328125 0.7763671875 0.0109375 0.005859375
