1 0.6015625 0.5517578125 0.13125 0.017578125
1 0.8515625 0.5595703125 0.259375 0.017578125
1 0.40625 0.634765625 0.446875 0.06640625
2 0.2875 0.6884765625 0.015625 0.005859375
2 0.53671875 0.7373046875 0.0171875 0.005859375
2 0.5546875 0.7490234375 0.0125 0.005859375
2 0.59453125 0.759765625 0.0140625 0.0078125
2 0.684375 0.736328125 0.01875 0.0078125
2 0.84921875 0.7216796875 0.0140625 0.005859375
2 0.734375 0.7412109375 0.01875 0.005859375
2 0.6796875 0.7490234375 0.015625 0.005859375
2 0.01875 0.7138671875 0.009375 0.005859375
2 0.31640625 0.7529296875 0.0140625 0.009765625
2 0.66328125 0.7744140625 0.0078125 0.005859375
