1 0.4171875 0.63671875 0.446875 0.07421875
1 0.6015625 0.55078125 0.10625 0.01953125
2 0.29375 0.6884765625 0.015625 0.009765625
2 0.54140625 0.7373046875 0.0140625 0.005859375
2 0.55859375 0.7470703125 0.0109375 0.005859375
2 0.59765625 0.7587890625 0.0109375 0.005859375
2 0.6671875 0.775390625 0.009375 0.00390625
2 0.68828125 0.7353515625 0.0171875 0.005859375
2 0.6859375 0.7470703125 0.01875 0.005859375
2 0.7390625 0.7412109375 0.015625 0.005859375
2 0.853125 0.7216796875 0.015625 0.009765625
2 0.021875 0.7138671875 0.009375 0.005859375
2 0.31875 0.7568359375 0.015625 0.009765625
1 0.85 0.5546875 0.296875 0.03125
