0 0.023828125 0.78662109375 0.03515625 0.0107421875
0 0.3578125 0.78857421875 0.0609375 0.0126953125
0 0.388671875 0.77685546875 0.03671875 0.0087890625
0 0.26484375 0.79443359375 0.05625 0.0087890625
0 0.274609375 0.7890625 0.00703125 0.005859375
2 0.319921875 0.783203125 0.00546875 0.00390625
2 0.6671875 0.759765625 0.00625 0.00390625
2 0.661328125 0.8232421875 0.00390625 0.005859375
0 0.6859375 0.763671875 0.0359375 0.01171875
0 0.707421875 0.75439453125 0.03671875 0.0068359375
0 0.796875 0.74267578125 0.021875 0.0068359375
2 0.87421875 0.7412109375 0.003125 0.00390625
0 0.8671875 0.73193359375 0.01875 0.0068359375
0 0.923828125 0.73681640625 0.02421875 0.0087890625
