2 0.070703125 0.7939453125 0.00546875 0.00390625
0 0.09296875 0.78955078125 0.034375 0.0107421875
0 0.334375 0.79345703125 0.059375 0.0068359375
2 0.344140625 0.78466796875 0.00703125 0.0048828125
0 0.38984375 0.7802734375 0.00625 0.005859375
0 0.428125 0.78173828125 0.059375 0.0146484375
0 0.458984375 0.77294921875 0.03515625 0.0087890625
2 0.737109375 0.748046875 0.00546875 0.00390625
0 0.75546875 0.75390625 0.0328125 0.01171875
0 0.77578125 0.7421875 0.034375 0.009765625
0 0.866015625 0.72900390625 0.02265625 0.0068359375
0 0.93515625 0.716796875 0.01875 0.005859375
0 0.990234375 0.71826171875 0.01953125 0.0068359375
