0 0.040234375 0.82275390625 0.03515625 0.0107421875
0 0.126171875 0.8291015625 0.02421875 0.005859375
0 0.2015625 0.83154296875 0.01875 0.0068359375
0 0.2578125 0.84375 0.0234375 0.005859375
0 0.0203125 0.82958984375 0.0359375 0.0107421875
0 0.405859375 0.84326171875 0.02578125 0.0068359375
0 0.468359375 0.8447265625 0.02578125 0.01171875
0 0.566796875 0.845703125 0.02265625 0.009765625
2 0.65078125 0.84326171875 0.015625 0.0048828125
2 0.6625 0.85205078125 0.028125 0.0048828125
0 0.7140625 0.84814453125 0.0203125 0.0087890625
0 0.757421875 0.84765625 0.01953125 0.005859375
0 0.868359375 0.845703125 0.02109375 0.0078125
0 0.360546875 0.84375 0.04765625 0.015625
