1 0.5953125 0.3701171875 0.16875 0.060546875
0 0.275 0.91015625 0.021875 0.015625
1 0.32265625 0.439453125 0.0953125 0.08203125
2 0.66484375 0.7646484375 0.0140625 0.009765625
2 0.628125 0.7880859375 0.0125 0.009765625
0 0.40390625 0.3701171875 0.0140625 0.013671875
0 0.16484375 0.9921875 0.0109375 0.01171875
2 0.421875 0.486328125 0.00625 0.00390625
2 0.940625 0.564453125 0.00625 0.00390625
2 0.965625 0.9921875 0.0375 0.0078125
2 0.57109375 0.9130859375 0.0109375 0.005859375
2 0.88671875 0.560546875 0.0046875 0.00390625
