2 0.0921875 0.5322265625 0.015625 0.005859375
2 0.20859375 0.51953125 0.0078125 0.0078125
2 0.27109375 0.4990234375 0.0078125 0.005859375
2 0.38359375 0.525390625 0.0203125 0.0078125
2 0.45 0.5234375 0.021875 0.0078125
2 0.52734375 0.4755859375 0.0171875 0.005859375
2 0.36328125 0.533203125 0.0078125 0.0078125
2 0.6296875 0.5302734375 0.009375 0.005859375
2 0.7640625 0.4794921875 0.003125 0.005859375
2 0.7765625 0.4892578125 0.00625 0.005859375
2 0.8546875 0.5732421875 0.0125 0.005859375
2 0.89375 0.5537109375 0.009375 0.005859375
2 0.78828125 0.599609375 0.0078125 0.0078125
2 0.39609375 0.8623046875 0.0109375 0.009765625
