2 0.1421875 0.591796875 0.025 0.0078125
2 0.23046875 0.5947265625 0.0171875 0.009765625
2 0.39296875 0.59375 0.0140625 0.0078125
2 0.43203125 0.59375 0.0203125 0.0078125
2 0.66171875 0.5947265625 0.0109375 0.005859375
0 0.72109375 0.599609375 0.0203125 0.01171875
2 0.915625 0.59765625 0.009375 0.0078125
2 0.85625 0.5927734375 0.021875 0.005859375
2 0.80859375 0.59375 0.0109375 0.0078125
2 0.6125 0.5908203125 0.015625 0.005859375
2 0.79375 0.5888671875 0.0125 0.005859375
2 0.0140625 0.5810546875 0.0125 0.005859375
