2 0.209375 0.5380859375 0.03125 0.009765625
0 0.4421875 0.5830078125 0.028125 0.013671875
0 0.51171875 0.552734375 0.0234375 0.01171875
2 0.7703125 0.7197265625 0.009375 0.009765625
0 0.784375 0.708984375 0.009375 0.01171875
2 0.9265625 0.95703125 0.0125 0.0078125
0 0.12890625 0.1279296875 0.0109375 0.017578125
2 0.65625 0.2529296875 0.0125 0.009765625
2 0.84375 0.2724609375 0.00625 0.005859375
2 0.8953125 0.255859375 0.00625 0.0078125
1 0.05234375 0.2001953125 0.0921875 0.072265625
1 0.31875 0.1025390625 0.175 0.064453125
