0 0.12890625 0.1298828125 0.0140625 0.017578125
0 0.2078125 0.5400390625 0.03125 0.013671875
0 0.4421875 0.583984375 0.028125 0.01171875
2 0.509375 0.5556640625 0.025 0.009765625
2 0.76875 0.7197265625 0.009375 0.009765625
0 0.78359375 0.7080078125 0.0109375 0.013671875
2 0.8421875 0.271484375 0.009375 0.0078125
2 0.8953125 0.2548828125 0.009375 0.009765625
2 0.6546875 0.25390625 0.009375 0.0078125
1 0.05078125 0.205078125 0.0890625 0.078125
1 0.31484375 0.103515625 0.1734375 0.06640625
2 0.9265625 0.9580078125 0.0125 0.009765625
