2 0.221875 0.943359375 0.009375 0.0078125
2 0.34609375 0.9296875 0.0109375 0.0078125
2 0.40234375 0.9375 0.0109375 0.0078125
2 0.47890625 0.943359375 0.0078125 0.0078125
2 0.50625 0.939453125 0.009375 0.0078125
2 0.525 0.943359375 0.015625 0.0078125
2 0.54765625 0.90625 0.0109375 0.0078125
2 0.56953125 0.939453125 0.0109375 0.0078125
2 0.6328125 0.94140625 0.0125 0.0078125
2 0.66640625 0.9345703125 0.0078125 0.005859375
2 0.68984375 0.916015625 0.0078125 0.0078125
2 0.77265625 0.92578125 0.0078125 0.0078125
2 0.7921875 0.9287109375 0.00625 0.005859375
2 0.984375 0.9228515625 0.0125 0.005859375
2 0.95 0.89453125 0.009375 0.0078125
