2 0.221875 0.9423828125 0.0125 0.009765625
2 0.34453125 0.9296875 0.0109375 0.0078125
2 0.40390625 0.9365234375 0.0078125 0.005859375
2 0.48046875 0.9423828125 0.0078125 0.005859375
2 0.5078125 0.9375 0.009375 0.0078125
2 0.5265625 0.943359375 0.015625 0.0078125
2 0.56875 0.9375 0.009375 0.0078125
2 0.63203125 0.9404296875 0.0109375 0.005859375
2 0.6875 0.9140625 0.009375 0.0078125
2 0.771875 0.923828125 0.009375 0.0078125
2 0.79140625 0.927734375 0.0078125 0.0078125
2 0.93828125 0.90234375 0.0109375 0.0078125
2 0.95 0.892578125 0.009375 0.0078125
2 0.98515625 0.923828125 0.0109375 0.0078125
2 0.546875 0.9033203125 0.0125 0.005859375
2 0.66484375 0.93359375 0.0109375 0.0078125
